Number of nodes 335
 0.0000000e+00 0.0000000e+00 6.7147130e-07
-3.9548498e-07-2.3803038e-07 7.0231387e-08
 8.5720310e-08 9.1514097e-08 0.0000000e+00
 0.0000000e+00 0.0000000e+00 0.0000000e+00
 0.0000000e+00 0.0000000e+00 0.0000000e+00
 0.0000000e+00 0.0000000e+00 0.0000000e+00
 0.0000000e+00 0.0000000e+00 0.0000000e+00
 0.0000000e+00 0.0000000e+00 0.0000000e+00
 0.0000000e+00 0.0000000e+00 0.0000000e+00
 6.7133685e-07 6.7056807e-07 6.6798750e-07
 6.6254118e-07 6.5320257e-07 6.3901790e-07
 6.1899489e-07 5.9211900e-07 5.5752918e-07
 5.1493495e-07 4.6548953e-07 4.1066415e-07
 3.5295629e-07 2.9503173e-07 2.3878613e-07
 1.8545728e-07 1.3543870e-07 8.8421662e-08
 4.3626028e-08-2.1689214e-07-3.9152893e-08
 1.3786726e-07 3.1492985e-07 4.9275871e-07
-3.9538474e-07-3.9449167e-07-3.9246081e-07
-3.8677155e-07-3.7716886e-07-3.6439225e-07
-3.4454166e-07-3.1718720e-07-2.8326477e-07
-1.9155422e-07-1.5654839e-07-1.2335015e-07
-9.4767339e-08-6.6376974e-08-4.0394371e-08
-2.1056788e-08-1.2121881e-09 1.1671116e-08
 2.0675298e-08 3.0432074e-08 3.9049494e-08
 4.8429622e-08 5.7113125e-08 6.4669722e-08
 7.4376919e-08 7.7683601e-08 8.0078742e-08
 8.2046322e-08 8.3358419e-08 8.4391752e-08
 8.5021550e-08 8.5387950e-08 8.5614779e-08
 9.1145172e-08 9.0221069e-08 8.9050742e-08
 8.7792129e-08 8.6631874e-08 1.4240464e-08
 2.8108154e-08 4.1214183e-08 5.3127312e-08
 6.3430552e-08 7.1757813e-08 7.7921693e-08
 8.1981823e-08 8.4255808e-08 8.5249728e-08
 8.5513442e-08 8.5497379e-08 8.5502583e-08
 8.5696626e-08 8.6142733e-08 8.6850495e-08
 8.7791633e-08 8.8933229e-08 9.0221275e-08
 1.0030520e-09 6.3101066e-08 1.0045966e-08
 1.7552995e-07-7.3022826e-08 2.5191477e-07
 8.1468392e-08 1.2436297e-09-1.2064124e-08
-2.5667862e-08-8.7743334e-08 7.6563188e-08
 4.5152611e-07 4.2094304e-07 7.9753892e-08
 8.4472072e-08 5.6556624e-08 2.4049635e-08
 6.8847341e-08-8.2324723e-08 3.5399626e-07
-1.3336141e-08 8.4979217e-08-8.9349867e-08
 6.7466109e-08-1.7155981e-07 8.5408217e-08
 8.7646915e-08-1.7313902e-07 8.9302211e-08
 1.2940076e-08 1.4111117e-08 1.2437671e-07
 4.7058283e-07 2.9861629e-07-2.0988413e-07
 8.6126218e-08 8.8383046e-08 8.7381350e-08
 3.8224642e-07 2.8808110e-07-1.0757133e-08
-7.1099017e-09 4.8435688e-09 5.2846037e-08
 7.7470071e-08 8.4695982e-08 3.3477763e-08
 1.0235152e-07 4.0948385e-08-2.2285980e-07
 2.2124897e-08 8.5134307e-08 8.1856768e-08
 8.6669287e-08 8.2382565e-08 4.3390766e-07
-9.1236710e-08 3.4542772e-08-7.4586366e-08
 8.9994938e-08 8.6404020e-08 4.8263369e-07
 2.3080795e-09-8.9346896e-08-5.9539548e-08
 6.3716196e-08-4.6680881e-08 1.1593414e-08
 6.2403800e-08-4.8296092e-08 2.6354953e-08
-9.0251740e-09 7.1252222e-08 7.4820457e-09
 1.0476832e-08-2.6476719e-08 8.3389561e-08
 2.2164573e-07 8.1680512e-08 2.3514451e-07
 8.7158571e-08 8.3163646e-08 8.0028850e-08
 3.3758118e-09 1.5554438e-07 8.8253977e-08
 4.5979852e-07 8.5367793e-08-2.4809543e-07
-2.2073582e-08 3.2086967e-07-2.9996499e-09
-1.4043443e-08 7.7806749e-09 7.1406773e-08
 8.3724354e-08 2.1350438e-07 5.2178437e-08
-6.9232091e-09 1.1750445e-08 1.3832404e-07
 4.0495265e-07 8.5037096e-08 1.0961091e-08
 4.4313499e-08 2.7892272e-08 1.3703580e-08
 8.4669416e-08-1.4466521e-07-1.4802980e-07
 8.5924606e-08 4.4442604e-07 8.3646334e-08
 7.8422406e-08-1.0010737e-07-4.0337168e-08
 4.7102429e-08-7.9940746e-08-1.0427745e-08
 3.7944100e-08 7.4195630e-08-3.6616618e-08
 8.8782429e-08-5.6027251e-08 6.6062121e-08
 8.7565580e-08 8.7075387e-08 9.0182007e-08
 2.7430424e-07 1.9198739e-08-2.5778729e-08
 1.6023036e-08-1.4262951e-08 8.8889283e-08
 9.5003911e-09 7.4239864e-08-4.2963844e-08
 8.2111043e-08 1.3347231e-07 2.3474224e-08
 4.0224788e-08 8.5320975e-08-1.5070636e-08
 6.1970578e-08 7.4761877e-08 8.0275355e-08
-2.8114447e-08 7.0511390e-08 1.8313619e-08
 6.7794153e-08 1.6367317e-07-2.2179953e-08
 2.5120986e-07 8.0135865e-08 5.5176633e-08
 8.6601302e-08 2.4726352e-07-6.6539221e-09
 3.8193933e-10 7.6318733e-08 8.3012507e-08
 1.0927491e-08 5.7382682e-08 6.6582031e-08
 2.3563174e-07 3.4573087e-08 2.7183268e-08
 8.3729569e-08 8.6160590e-08 2.1749448e-08
 1.9976987e-07 8.4152206e-08 8.3485107e-08
 4.4900396e-08 2.1461623e-08 2.3889303e-07
 8.5296593e-08 8.0911199e-08 3.9278807e-08
-3.9961012e-08 5.8229692e-08-5.9142773e-08
-3.6605663e-08 1.1479412e-08-3.5961330e-08
 7.5282859e-08 1.7284991e-07-3.5474764e-08
 5.9978613e-08 2.4913029e-08-2.4601222e-08
 1.1125502e-07 3.2247831e-08 1.8665405e-09
 2.0262460e-08 3.8305829e-08 5.1546922e-08
 1.0335494e-07 2.5782177e-08 1.1446086e-07
 8.4721411e-08 2.4951287e-07 7.7712251e-08
-1.0201259e-08 3.3519115e-08-2.2672541e-09
 6.9106066e-08 4.8246681e-08-4.7195095e-08
-4.0836286e-08 7.9303436e-08 2.3678718e-09
 4.4757181e-08 4.2280703e-08-1.1997765e-10
 3.0363187e-08 3.4920738e-08 5.1680418e-08
 3.9397653e-08 6.1305212e-08-4.4156933e-08
-2.1372692e-08 1.5960379e-09-2.9179262e-08
 5.0233095e-08 5.6261159e-08
